mDSC=0.8945457733091674,mIOU=0.8457575578437226
mMA-IOU=0.8372059933933097,mMA-RSE=0.048231927611718406
std-mDSC=0.008004017383226656,std-mIOU=0.010998798071588557
std-mMA-IOU=0.006146944347349678,std-mMA-RSE=0.008864819290604814
